3500
430
186
250
120
10575
162
137
30
80
16062
51
18
45
3
12535
17
9
14
2
25367
1
28
17
1
7975
21
17
3
6521
3
3
4191
1
1
6
5323
3
1
9209
24
3
23
1
3577
1
1
46
3854
2
4922
1
5
2021
2
63
1969
1
4
3298
1
1646
1
1891
1
1
1816
3318
2742
2
1
3407
1
2
2570
5
1609
1308
1877
2
2
2575
2
1499
1262
4
1139
1340
1082
1364
1459
3
977
1377
4
1197
831
1
933
1068
6
5
1229
2
929
1
1
802
6
1
1113
574
2
3
1189
594
428
7
1
604
1
904
1
816
1
718
2
1
735
1
4
708
597
1
699
366
1
901
804
673
750
1
960
614
859
1
850
587
1
673
4
1
860
17
617
2
380
545
716
797
1
438
1
1
713
447
1
1
1
874
1
707
1
582
2
2
652
351
403
326
22
458
3
1
477
1
2
317
703
6
1
549
1
632
266
212
7
3
182
1
6
450
379
9
206
581
4
308
1
493
3
739
593
325
155
1
768
8
1
540
11
363
1
331
780
483
458
334
365
579
534
1
308
550
2
725
1
491
469
503
1
321
1
1
768
592
186
1
1
315
217
2
363
1
234
81
538
287
6
1
460
380
14
389
1147
1
488
419
407
485
768
2
493
1
5
229
1
350
239
1
589
1
3
176
315
1
1
204
119
8
3
109
1
1
100
1
128
3
186
164
338
1
232
331
397
305
489
339
432
1
846
1
1
261
207
1
122
2
184
1
681
1
150
1
222
1
1
116
338
1
54
1
433
293
6
311
1
254
469
120
1
225
1
291
26
1
257
2
128
2
315
267
2
439
78
1
344
75
1
6
143
136
1
80
2
260
1
145
231
1
1
116
75
1
47
212
39
8
21
6
1
10
2
1
1
4
3
2
3
1
4
3
35
1
1
1
1
1
1
1
1
1
2
1
1
1
1
5
12
145
53
322
97
203
1
1
178
243
169
70
188
120
14
271
162
311
197
199
1
53
193
199
125
1
134
97
170
12
112
59
118
126
150
60
24
13
147
224
289
2
1
97
1
180
130
22
16
4
2
2
13
23
13
1
2
1
1
9
1
1
1
2
1
1
1
1
1
1
1
1
1
2
85
260
194
74
149
206
57
78
470
233
184
213
307
170
92
239
56
66
192
23
301
11
221
245
59
55
101
270
147
159
32
158
35
171
199
67
144
142
92
47
55
5
11
4
1
2
4
1
2
4
2
1
2
1
1
1
1
1
2
2
5
5
1
1
1
1
2
1
8
1
1
2
1
1
1
156
1
44
87
19
119
68
19
207
145
143
176
112
87
138
147
21
70
174
79
92
195
238
57
226
123
42
97
212
257
7
107
126
1
50
46
467
122
31
83
1
17
71
61
66
14
76
69
6
7
1
2
7
1
13
2
1
4
1
1
2
1
1
1
1
2
1
2
2
1
1
3
1
1
1
1
1
1
1
2
1
2
1
145
175
146
167
13
79
187
87
54
73
126
103
47
96
123
1
64
306
65
41
1
103
123
24
110
61
29
71
62
77
10
192
177
71
51
115
50
65
117
15
35
15
11
1
2
6
10
2
2
1
2
1
1
1
2
1
1
3
1
1
1
1
2
1
2
1
1
4
1
1
1
1
5
1
1
1
25
145
118
62
215
75
103
134
67
54
78
81
34
154
43
145
78
59
1
79
65
37
105
183
93
73
78
34
1
42
176
27
7
91
70
88
123
12
56
32
65
143
8911
342
535
2
88
8541
172
137
263
121
1621
101
2
31
2
27813
86
7
5
5
23514
2
19
2
4
3022
2
6
15
5
1639
11
5
6
4
6753
6
3
5
2
2330
4
1
5
9817
1
1677
3859
5
4
4379
1
1
1
431
2
2557
4
20
6
4
3799
4320
1
2
1
1860
3
3011
4092
1
1
12
2813
1
2
1647
2
1641
3
1593
1
1
495
2
891
7
1207
1431
914
1
1
1334
1421
4
1
1145
1
1
1107
2
5
2906
4
1
4450
1
12
1209
1
1564
1
1468
1
1478
2
1
1015
859
898
2532
4
1
2079
1
1360
2
2
2124
1
648
2
2
696
1
711
25
915
1
551
1
1086
1
2
268
850
1
1113
6
389
245
1
2
825
724
362
1
1
688
1
379
1
354
1
1
1
740
361
1
713
2209
2
761
1
433
6
1
539
1
337
1
469
1
456
702
1
280
1
182
1
323
5
3
1
825
1
1
882
11
1
369
1
341
787
1
872
395
6
1
519
136
1
207
2
968
121
3
5426
1
377
5
249
4
1
66
556
483
3
80
611
128
273
817
146
2
386
2
1
664
650
1
538
1
6
933
18
507
150
1
192
223
1
1
396
1
340
1
601
1
148
2
349
1
388
823
401
298
393
1
1
70
566
1
449
1
467
1
257
1
1096
339
153
423
825
443
1
302
1
350
355
1
251
2
441
125
1
218
2
260
1
507
1
523
725
2
502
334
3
233
1
141
721
1
443
6
466
597
3
266
1
58
1
457
1
3
6
1
319
1
2
296
1
1
624
229
129
174
1
9
454
189
1
221
6
1
553
527
1
1
103
3
430
2
1
492
530
1
1
193
3
3
119
1
1
290
1
352
239
320
194
362
1
1
128
1
139
34
6
251
425
1
1
394
502
240
283
1
154
246
1
168
1
829
1
1
317
1
66
193
134
26
226
1
280
198
1
69
1
141
4
1
369
2
2613
331
205
27
19
6
2
2
2
1
1
4
3
2
1
1
3
1
15
1
8
3
2
1
9
1
2
2
86
147
362
240
1
159
1
423
5
207
508
497
268
97
278
328
83
345
168
269
54
111
102
504
69
2
96
269
57
32
141
232
443
324
111
114
253
312
1
128
163
43
60
83
49
12
43
5
19
3
4
2
1
1
1
1
9
1
5
1
6
3
1
2
6
1
1
1
1
17
1
2
1
2
1
1
6
1
186
125
382
427
521
344
258
151
326
120
176
56
180
59
360
61
2269
112
195
160
14
16
1
330
358
99
81
182
131
167
89
1
285
279
91
231
72
191
109
2571
274
81
77
17
18
18
12
25
15
2
6
3
3
7
11
3
4
5
3
12
1
1
1
2
1
1
1
1
1
1
2
1
1
1
1
1
1
1
1
8
1
1
153
140
38
127
102
140
83
2
269
188
130
74
74
2
310
313
158
61
110
124
70
14
129
327
213
112
22
120
183
8
52
286
166
84
139
12
114
108
17
25
7
4
7
8
5
4
5
1
1
6
1
1
1
2
1
1
1
1
1
1
1
1
1
2
1
7
1
173
187
353
155
109
35
307
217
205
18
193
227
111
262
241
101
548
174
94
263
109
315
60
206
307
225
128
41
81
13
18
119
108
49
36
141
40
10
56
25
7
25
43
8
7
3
7
4
1
31
1
1
6
1
1
1
1
1
1
1
1
1
1
1
1
1
1
1
1
66
50
57
18
186
76
261
159
109
132
40
139
616
97
137
80
80
25
17
218
156
38
123
1
177
177
84
101
110
1
63
155
63
69
135
89
1
39
95
22
168
57
34
26655
143
886
39
488
2989
422
4
42
144
7360
14
25
16
10
3676
44
86
39
78
5527
3
30
27
24
1561
5
3
7
2
6204
3
4
1
11
6350
9
9
78
2967
22
11
2
5
11950
2
18
3
1794
3
2
4
1331
5
2
2073
1
9
1399
1
3
12
1147
1
1183
3
1105
1
17
1658
1
1
2339
2
1430
3
983
2
1145
2
1189
678
1
1
833
1759
3
2
769
1
1178
1
486
1
787
1
589
513
2
509
829
2
2
658
2
1
1
745
1
2
828
1
522
365
919
1789
6
630
1
601
2530
1
758
260
2
359
1
735
2
1
762
661
1
765
674
844
865
727
8
655
2
609
1
1
564
682
2154
3
1
1
322
590
1
812
2
622
604
384
1
595
557
509
1
461
4
2
334
720
1
2
460
1
746
1
515
1
479
11
519
1
396
39
1
1
1
1
1
398
445
434
439
2
439
391
491
441
408
372
312
1
375
1
487
1
162
530
3
1
516
1
106
1
451
545
439
247
1
424
1
1
458
502
1
371
368
1
1
1
511
1
2
438
1
444
1
457
1
273
512
1
258
110
1
109
141
488
337
1
1
615
1
314
1
1
361
1
168
220
1
421
1
191
1
351
268
2
309
431
113
1
436
1
210
1
129
1
2
437
3
404
323
308
1
3
133
215
241
237
3
470
484
135
1
1
354
1
191
2
88
1
350
1
329
50
1
351
1
571
1
184
1
259
1
255
156
366
333
99
2
330
195
180
1
1
30
2
288
1
173
93
2
288
207
18
1
280
315
1
1
214
259
1
2
28
260
297
1
155
114
343
1
273
172
230
191
110
61
123
1
1
118
40
235
194
68
50
1
276
1
244
297
136
25
150
211
111
34
39
4
13
3
5
1
2
10
3
5
3
1
1
8
2
18
1
1
3
1
3
1
9
1
1
3
2
2
2
1
1
1
6
2
1
1
1
1
2
1
1
2
1
2
1
1
1
1
3
1
2
1
1
1
1
1
1
1
1
2
1
1
1
1
2
1
2
1
1
16
1
78
1
198
229
1
1
12
31
269
219
135
1
166
1
66
1
302
120
138
167
318
211
16
187
115
199
26
89
53
237
207
98
18
165
272
1
136
146
214
191
1
36
1
2
28
1
37
1
150
66
40
22
10
1
1
1
2
5
1
3
2
2
1
3
1
1
1
1
1
3
4
1
1
5
7
1
1
1
1
2
1
1
1
1
1
1
1
1
1
2
2
3
1
5
1
1
8
3
1
7
2
1
1
2
1
1
1
124
19
109
19
183
180
22
13
150
21
53
11
71
126
79
121
7
9
8
77
8
106
11
205
24
27
16
178
108
118
120
109
13
12
80
102
14
5
46
48
1
1
14
2
1
1
3
1
1
2
1
1
1
3
1
17
1
1
1
2
1
1
1
1
1
3
1
1
1
1
2
1
1
3
110
23
17
228
137
24
35
25
159
135
217
71
40
83
211
29
206
81
12
1
147
149
85
101
51
1
184
129
90
61
111
51
1
159
96
35
32
140
198
1
173
12
1
125
57
20
46
9
1
20
5
4
4
1
1
1
8
1
2
2
5
1
1
1
1
3
1
3
1
1
2
1
1
1
1
1
2
1
8
1
1
3
2
1
1
2
1
129
176
11
199
14
104
35
6
48
47
1
174
55
13
1
100
63
243
1
82
22
15
117
22
54
17
61
60
99
153
14
11
75
119
36
66
154
1
54
96
146
76
14
2
2
2
1
1
4
3
1
2
2
2
2
1
1
1
1
2
3
1
1
1
1
1
9
1
2
3
1
1
6
1
2
1
82
12
111
111
127
10
82
19
172
14
103
98
102
241
93
83
61
1
107
8
173
80
14
8
103
96
1
79
12
80
15
73
50
54
37
102
140
24
39
41
16
8076
108
217
2
1
6055
9
41
163
1
4132
2
14
14
1
1066
21
17
1
1
769
1
3
19
594
7
3
60
1353
1
16
1
2
14
32
2
16
22
13
1
540
7
6
407
2
11
10
34
12
2
6
406
3
6
12
843
5
2
1
3
824
2
5
80
9
358
1
527
2
198
4
3
12
1
5
655
12
1
1
1
3
100
1
17
3
12
314
2
1
2
1
130
1
154
6
2
303
2
464
6
1
142
17
14
2
366
14
1
28
131
6
2
1
11
1
88
16
1
112
1
7
247
87
1
149
6
1
1
16
1
115
1
41
6
15
1
1
1
110
2
87
127
2
21
7
59
2
1
1
1
1
18
72
48
1
1
76
57
1
146
1
1
15
100
74
4
105
35
9
8
10
12
10
9
10
11
11
1
4
1
1
1
2
1
1
1
1
1
1
36
1
146
2
1
37
6
83
1
117
18
1
176
1
7
7
8
8
7
1
2
83
15
40
1
83
38
1
21
4
81
1
23
453
93
45
1
16
8
68
8
26
5
5
6
1
2
15
1
1
66
17
33
6
1
18
41
18
14
21
9
19
1
122
88
91
1
18
2
4
3
3
3
3
3
3
3
4
4
8
12
200
1
1
1
1
11
78
1
11
9
36
3
145
1
38
4
1
1
4
38
108
8
7
1
36
36
1
87
6
10
1
28
16
43
14
1
5
1
5
4
1
15
9
1
46
84
4
12
71
3
10
2
17
13
18
17
1
3
10
1
4
1
8
3
16
1
2
49
1
10
98
1
48
45
31
2
7
1
6
4
82
51
6
1
19
359
1
6
4
56
6
8
10
7
18
14
1
5
5
6
12
16
1
11
17
24
7
2
9
1
2
5
1
5
1
1
1
1
1
2
1
9
1
11
1
1
5
1
3
1
6
1
4
1
1
9
10
4
38
52
14
1
7
12
7
1
3
38
13
1
16
15
8
76
13
3
34
38
16
20
15
9
55
16
27
64
8
39
4
29
57
8
8
2
14
1
56
16
5
3
55
2
10
6
1
26
3
2
1
2
8
12
1
1
1
1
8
1
1
1
1
1
1
1
1
1
8
2
5
12
1
18
1
1
1
5
2
1
2
2
4
4
8
33
68
3
20
20
8
46
34
24
1
12
7
6
11
30
44
19
11
9
4
8
13
6
4
3
3
27
42
3
14
1
14
9
14
24
26
7
1
1
1
20
18
11
29
1
5
1
1
2
1
1
4
4
1
1
1
1
1
20
1
1
1
5
1
1
6
1
4
11
3
13
7
70
62
10
3
5
3
3
42
24
5
12
6
13
16
21
5
6
13
10
4
15
29
3
7
9
1
7
11
4
13
10
1
32
3
2
1
1
4
9
8
1
10
2
1
5
1
1
1
1
1
1
6
3
1
1
38
2
3
1
1
1
1
1
1
3
7
2
41
22
8
26
4
4
8
19
23
3
12
3
7
19
41
44
4
63
4
5
5
3
8
4
4
10
5
9
25
26
11
1
4
3
2
2
2
22
2
1
7
1
2
1
1
1
2
1
1
4
1
2
9
3
16
1
1
1
4
4
18
13
4
15
5
4
10
10
1
4
5
23
9
4
8
15
4
11
20
20
9
26
24
11
26
28
6
5
3
45
4
3
4
3
10
152
28
20863
17
10
16
7
869
3
5
4
214
100
4
181
80
2
2
2
79
22
81
2
11
33
2
6123
1
1
38
1
2124
1
1
1
2496
1
13
1
1
1603
1
1
1
1966
2
87
24
20
1530
1
18
1
66
2694
18
1
19
1
1453
3
17
24
12
1163
1
1
1
1
1740
1
1
1
2081
9
4
1695
9
65
967
1
36
3283
44
7
19
24
1720
21
1
1260
2
1094
1
8
713
1273
2
910
20
3
1016
15
1011
591
833
2
705
1
1036
1
694
2
720
783
1
288
1
112
583
450
1
778
410
372
373
571
1
573
374
1
407
12
632
32
507
419
1
107
1
366
306
293
1
1
130
345
1
276
1
516
201
1
18
15
63
17
205
1
16
556
126
1
2
205
443
93
1
126
13
335
1
487
14
208
6
127
1
81
431
1
59
1
17
6
10
8
7
1
1
1
7
376
1
146
150
6
145
7
1
155
87
1
107
232
105
1
220
6
1
314
128
29
643
14
204
176
102
270
163
215
189
154
134
18
153
112
1
3
3
3
1
180
148
197
45
4
412
3
127
124
1
5
148
1
165
121
113
101
1
258
11
17
1
4
197
6
1
97
94
148
308
13
178
139
1
84
56
81
278
54
3
4
1
1
19
43
37
1
18
79
10
5
1
1
54
50
89
1
53
33
1
84
54
21
65
1
84
1
41
80
128
1
28
119
1
64
5
2
43
1
24
7
1
1
22
32
207
8
1
1
36
32
2
7
1
1
46
60
4
247
54
1
61
67
12
40
60
33
47
56
42
21
21
1
5
3
2
2
1
35
1
16
4
1
1
15
1
1
4
13
41
57
78
65
16
77
151
60
16
8
33
70
72
6
33
51
3
51
24
49
4
65
38
15
41
17
42
51
29
20
53
19
60
28
69
9
1
26
2
1
52
35
18
10
3
1
1
13
2
1
1
1
1
2
2
1
1
1
1
1
1
1
24
1
1
1
1
3
4
13
22
15
70
4
6
7
62
20
32
14
88
28
46
14
54
60
40
23
3
18
5
9
26
11
14
28
10
13
3
18
5
1
11
4
14
1
1
1
1
1
4
1
2
3
2
4
2
1
1
4
1
1
2
2
1
2
5
1
1
1
56
1
7
59
5
19
17
14
7
41
4
10
15
50
4
25
15
5
3
4
3
15
88
8
3
39
4
50
54
5
3
4
71
21
21
1
6
16
4
3
5
12
2
28
5
1
1
2
1
1
1
1
3
2
1
1
1
1
9
9
8
37
23
4
1
48
4
33
14
29
9
13
36
15
34
10
14
8
4
10
19
30
31
6
5
5
1
21
10
10
18
7
23
9
36
18
3
1
36
3
1
1
2
4
3
4
12
14
1
6
1
1
1
1
16
4
10
3
5
3
5
5
2
55
3
14
13
12
12
29
5
3
18
17
7
3
9
26
33
16
4
5
3
31
5
15
